301
0 130 s4
0 101 s11
0 103 s10
0 100 s5
0 114 s9
0 132 r3
0 209 1
0 206 2
0 201 6
0 203 8
0 207 7
0 211 3
1 132 acc
2 130 s4
2 101 s11
2 103 s10
2 100 s5
2 114 s9
2 132 r3
2 209 12
2 206 2
2 201 6
2 203 8
2 207 7
2 211 3
3 130 s4
3 101 s11
3 103 s10
3 100 s5
3 114 s9
3 132 r3
3 209 13
3 206 2
3 201 6
3 203 8
3 207 7
3 211 3
4 110 s14
4 124 s15
5 130 s17
5 204 16
6 114 s18
7 130 r27
7 113 r27
7 101 r27
7 103 r27
7 100 r27
7 114 r27
7 132 r27
8 130 r28
8 113 r28
8 101 r28
8 103 r28
8 100 r28
8 114 r28
8 132 r28
9 130 r29
9 113 r29
9 101 r29
9 103 r29
9 100 r29
9 114 r29
9 132 r29
10 110 s19
11 110 s20
12 132 r1
13 132 r2
14 130 s22
14 208 21
15 130 s24
15 110 s27
15 131 s25
15 123 s26
15 205 23
16 114 s28
17 115 s29
17 114 r21
18 130 r26
18 113 r26
18 101 r26
18 103 r26
18 100 r26
18 114 r26
18 132 r26
19 130 s24
19 110 s27
19 131 s25
19 123 s26
19 205 30
20 130 s24
20 110 s27
20 131 s25
20 123 s26
20 205 31
21 111 s32
22 111 r6
22 115 s33
23 121 s34
23 120 s35
23 122 s36
23 114 r7
24 110 s37
24 111 r8
24 121 r8
24 120 r8
24 122 r8
24 114 r8
25 111 r9
25 121 r9
25 120 r9
25 122 r9
25 114 r9
26 130 s24
26 110 s27
26 131 s25
26 123 s26
26 205 38
27 130 s24
27 110 s27
27 131 s25
27 123 s26
27 205 39
28 130 r25
28 113 r25
28 101 r25
28 103 r25
28 100 r25
28 114 r25
28 132 r25
29 130 s17
29 204 40
30 111 s41
30 121 s34
30 120 s35
30 122 s36
31 111 s42
31 121 s34
31 120 s35
31 122 s36
32 112 s43
33 130 s22
33 208 44
34 130 s24
34 110 s27
34 131 s25
34 123 s26
34 205 45
35 130 s24
35 110 s27
35 131 s25
35 123 s26
35 205 46
36 130 s24
36 110 s27
36 131 s25
36 123 s26
36 205 47
37 130 s49
37 131 s50
37 212 48
38 111 r18
38 121 s34
38 120 s35
38 122 s36
38 114 r18
39 111 s51
39 121 s34
39 120 s35
39 122 s36
40 114 r20
41 112 s52
42 112 s53
43 130 s56
43 113 r31
43 101 s11
43 103 s10
43 100 s5
43 114 s9
43 201 6
43 203 8
43 207 7
43 211 55
43 202 54
44 111 r5
45 111 r15
45 121 s34
45 120 s35
45 122 s36
45 114 r15
46 111 r16
46 121 s34
46 120 s35
46 122 s36
46 114 r16
47 111 r17
47 121 s34
47 120 s35
47 122 s36
47 114 r17
48 111 s57
49 111 r13
49 115 s58
50 111 r14
50 115 s59
51 111 r19
51 121 r19
51 120 r19
51 122 r19
51 114 r19
52 130 s56
52 113 r31
52 101 s11
52 103 s10
52 100 s5
52 114 s9
52 201 6
52 203 8
52 207 7
52 211 55
52 202 60
53 130 s56
53 113 r31
53 101 s11
53 103 s10
53 100 s5
53 114 s9
53 201 6
53 203 8
53 207 7
53 211 55
53 202 61
54 113 s62
55 130 s56
55 113 r31
55 101 s11
55 103 s10
55 100 s5
55 114 s9
55 201 6
55 203 8
55 207 7
55 211 55
55 202 63
56 124 s15
57 111 r10
57 121 r10
57 120 r10
57 122 r10
57 114 r10
58 130 s49
58 131 s50
58 212 64
59 130 s49
59 131 s50
59 212 65
60 113 s66
61 113 s67
62 130 r4
62 101 r4
62 103 r4
62 100 r4
62 114 r4
62 132 r4
63 113 r30
64 111 r11
65 111 r12
66 130 r24
66 113 r24
66 101 r24
66 103 r24
66 100 r24
66 114 r24
66 132 r24
67 130 r22
67 113 r22
67 101 r22
67 102 s68
67 103 r22
67 100 r22
67 114 r22
67 132 r22
68 112 s69
69 130 s56
69 113 r31
69 101 s11
69 103 s10
69 100 s5
69 114 s9
69 201 6
69 203 8
69 207 7
69 211 55
69 202 70
70 113 s71
71 130 r23
71 113 r23
71 101 r23
71 103 r23
71 100 r23
71 114 r23
71 132 r23
